  -3.0881896e-04
  -2.5793856e-04
  -4.8844926e-18
   2.9297894e-04
   3.9631101e-04
  -1.3931447e-03
   1.1082670e-03
   2.6842266e-04
  -7.3262785e-04
  -1.2783923e-04
   6.9785634e-18
   2.0912181e-03
  -3.1364731e-03
   7.1453115e-04
   2.1790333e-03
  -1.5439488e-03
  -2.7414056e-04
  -1.8932397e-03
   5.9210045e-03
  -4.2140819e-03
  -2.9808022e-03
   6.0335259e-03
  -1.8856876e-03
   4.3225962e-04
  -7.0288871e-03
   1.0240204e-02
  -3.6815591e-18
  -1.2319025e-02
   1.0177177e-02
  -7.5400000e-04
   3.9683265e-03
  -1.5348433e-02
   9.1887082e-03
   1.5789472e-02
  -2.7063015e-02
   1.0601168e-02
   1.8899228e-03
   1.3180095e-02
  -2.3186545e-02
  -9.5496609e-03
   5.3116175e-02
  -4.5337625e-02
   1.9605020e-17
   4.7226151e-03
   3.6251075e-02
  -1.8229688e-02
  -1.0698536e-01
   2.0218606e-01
  -9.6155876e-02
  -1.5607311e-01
   2.9126234e-01
  -1.5607311e-01
  -9.6155876e-02
   2.0218606e-01
  -1.0698536e-01
  -1.8229688e-02
   3.6251075e-02
   4.7226151e-03
   1.9605020e-17
  -4.5337625e-02
   5.3116175e-02
  -9.5496609e-03
  -2.3186545e-02
   1.3180095e-02
   1.8899228e-03
   1.0601168e-02
  -2.7063015e-02
   1.5789472e-02
   9.1887082e-03
  -1.5348433e-02
   3.9683265e-03
  -7.5400000e-04
   1.0177177e-02
  -1.2319025e-02
  -3.6815591e-18
   1.0240204e-02
  -7.0288871e-03
   4.3225962e-04
  -1.8856876e-03
   6.0335259e-03
  -2.9808022e-03
  -4.2140819e-03
   5.9210045e-03
  -1.8932397e-03
  -2.7414056e-04
  -1.5439488e-03
   2.1790333e-03
   7.1453115e-04
  -3.1364731e-03
   2.0912181e-03
   6.9785634e-18
  -1.2783923e-04
  -7.3262785e-04
   2.6842266e-04
   1.1082670e-03
  -1.3931447e-03
   3.9631101e-04
   2.9297894e-04
  -4.8844926e-18
  -2.5793856e-04
  -3.0881896e-04
