  -6.2280766e-04
  -8.9000463e-04
   3.2547192e-04
   8.8321182e-04
   8.3045523e-05
   9.7659465e-19
   3.8787187e-04
  -8.8311379e-04
  -1.7557242e-03
   5.4570697e-04
   2.3100212e-03
   4.1500294e-04
  -6.3424655e-04
   5.2219354e-04
  -1.5054693e-03
  -3.9178374e-03
   8.5373565e-04
   5.8147868e-03
   1.5698612e-03
  -2.6358131e-03
   2.7564505e-18
  -1.9825450e-03
  -7.2813007e-03
   8.4735132e-04
   1.2274365e-02
   4.5503245e-03
  -7.1648460e-03
  -2.6113449e-03
  -1.7077771e-03
  -1.1321156e-02
  -4.6079903e-17
   2.2948980e-02
   1.1220009e-02
  -1.6092337e-02
  -1.0281516e-02
  -5.6145870e-18
  -1.5197796e-02
  -2.4372654e-03
   4.1939123e-02
   2.6858046e-02
  -3.5505790e-02
  -3.2861784e-02
   4.8144630e-03
  -1.7997673e-02
  -9.4266565e-03
   9.9427117e-02
   9.1552301e-02
  -1.2980599e-01
  -2.0968363e-01
   6.0300719e-02
   2.6626062e-01
   6.0300719e-02
  -2.0968363e-01
  -1.2980599e-01
   9.1552301e-02
   9.9427117e-02
  -9.4266565e-03
  -1.7997673e-02
   4.8144630e-03
  -3.2861784e-02
  -3.5505790e-02
   2.6858046e-02
   4.1939123e-02
  -2.4372654e-03
  -1.5197796e-02
  -5.6145870e-18
  -1.0281516e-02
  -1.6092337e-02
   1.1220009e-02
   2.2948980e-02
  -4.6079903e-17
  -1.1321156e-02
  -1.7077771e-03
  -2.6113449e-03
  -7.1648460e-03
   4.5503245e-03
   1.2274365e-02
   8.4735132e-04
  -7.2813007e-03
  -1.9825450e-03
   2.7564505e-18
  -2.6358131e-03
   1.5698612e-03
   5.8147868e-03
   8.5373565e-04
  -3.9178374e-03
  -1.5054693e-03
   5.2219354e-04
  -6.3424655e-04
   4.1500294e-04
   2.3100212e-03
   5.4570697e-04
  -1.7557242e-03
  -8.8311379e-04
   3.8787187e-04
   9.7659465e-19
   8.3045523e-05
   8.8321182e-04
   3.2547192e-04
  -8.9000463e-04
  -6.2280766e-04
