  -4.9205371e-04
  -1.7548412e-04
   3.2604230e-04
   5.9691686e-04
   3.5604892e-04
  -2.7756141e-04
  -7.9486087e-04
  -6.6480063e-04
   1.6234240e-04
   1.0626214e-03
   1.1570347e-03
   1.1885596e-04
  -1.3326968e-03
  -1.8572722e-03
  -6.7444620e-04
   1.4930625e-03
   2.7448048e-03
   1.6050326e-03
  -1.3926730e-03
  -3.7431055e-03
  -2.9856180e-03
   8.5150681e-04
   4.7140021e-03
   4.8496467e-03
   3.2756339e-04
  -5.4559346e-03
  -7.1774022e-03
  -2.3496979e-03
   5.7030575e-03
   9.8907708e-03
   5.4295927e-03
  -5.1171989e-03
  -1.2855544e-02
  -9.8184467e-03
   3.2538351e-03
   1.5891402e-02
   1.5891658e-02
   5.4806933e-04
  -1.8788615e-02
  -2.4403490e-02
  -7.5164056e-03
   2.1329541e-02
   3.7327711e-02
   2.0752558e-02
  -2.3312226e-02
  -6.1710329e-02
  -5.2490118e-02
   2.4573085e-02
   1.4807861e-01
   2.6214892e-01
   3.0840336e-01
   2.6214892e-01
   1.4807861e-01
   2.4573085e-02
  -5.2490118e-02
  -6.1710329e-02
  -2.3312226e-02
   2.0752558e-02
   3.7327711e-02
   2.1329541e-02
  -7.5164056e-03
  -2.4403490e-02
  -1.8788615e-02
   5.4806933e-04
   1.5891658e-02
   1.5891402e-02
   3.2538351e-03
  -9.8184467e-03
  -1.2855544e-02
  -5.1171989e-03
   5.4295927e-03
   9.8907708e-03
   5.7030575e-03
  -2.3496979e-03
  -7.1774022e-03
  -5.4559346e-03
   3.2756339e-04
   4.8496467e-03
   4.7140021e-03
   8.5150681e-04
  -2.9856180e-03
  -3.7431055e-03
  -1.3926730e-03
   1.6050326e-03
   2.7448048e-03
   1.4930625e-03
  -6.7444620e-04
  -1.8572722e-03
  -1.3326968e-03
   1.1885596e-04
   1.1570347e-03
   1.0626214e-03
   1.6234240e-04
  -6.6480063e-04
  -7.9486087e-04
  -2.7756141e-04
   3.5604892e-04
   5.9691686e-04
   3.2604230e-04
  -1.7548412e-04
  -4.9205371e-04
